1 100   20 -350 -150  110  -60  380  100  310  210  230  230  130 
1 100   15 -330 -160  100  -40  350  130  270  260  120  215   20 
1 100  -30 -330 -195  100  -80  340   90  270  210  160  180    0 
1 100   50 -350 -150   80  -30  335  150  230  280   80  255  -25 
1 100    0 -400 -230   50 -160  310   70  250  205  190  220    0 
1 100    0 -445 -180   35 -100  300   65  215  170  130  190  -25 
1 100  -20 -310 -230   90 -150  320   40  250  170  140  150  -20 
1 100   70 -440 -160  -30 -150  240   90  215  250  120  250  -40 
1 100  -40 -325 -150   70  -30  300  120  210  190  120  170  -40 
1 100   20 -435 -150    0  -15  255  150  170  250   90  250 -100 
2 171   50 -330  -50   95    0  185  100  130  155   55  180  -30 
2 171  -20 -205 -140  120  -65  270   20  220   90  150  100   65 
2 100  -50 -400 -210   10 -125  255   40  180  130  110  155    0 
2 171  -10 -280 -110  200  -40  240   25  185  100  100  100   20 
2 171   50 -250  -70  100  -15  255  105  215  165  175  165   60 
2 100  -60 -375 -220   20 -160  270   20  240  160  100  150  -50 
2 171   40 -260  -70  160  -60  290   50  270  120  230  150  110 
2 171   50 -210  -60   90  -20  185   90  160  170  110  175   30 
2 171   30 -215  -65   40   65  240  120  150  160   90  150    0 
2 171   30 -430 -100  100  -40  215   60  140  110   60  110   10 
3 171   25 -270  -80   60  -20  195   80  170  145  125  160   30 
3 171  -20 -220  -95   70  -40  215   65  170   95  140  105   75 
3 171  -30 -250 -120   50  -50  165   40  140  120   90  120   10 
3 171  -40 -275 -150  110  -90  240    0  210   70  140   80   40 
3 171   70 -360  -55  130   10  300  120  260  190  190  200   40 
3 171   45 -240  -70   40  -45  165   75  155  160  120  175   20 
3 171  -10 -330 -120   90  -40  250   80  170  140   90  140    0 
3 100   30 -550 -160  -20  -45  200  120  140  270  -10  230 -150 
3 100  -20 -370 -210  -20 -130  220   55  175  190   80  180 -100 
3 171  -30 -425 -250    0 -180  210    0  230  170  150  190  -30 
4 100   20 -360 -115  -35  -90  190  100  170  225   85  230  -50 
4 100  -10 -300 -185    0  -80  210   40  130  130   30  130  -80 
4 100   25 -210 -120  -20  -80  140   70  140  155  100  185    0 
4 100   65 -315 -160   40  -70  270  160  230  285  145  310    5 
4 100   40 -410 -130   30  -70  300  120  220  270   70  250  -50 
4 100   60 -380 -170  130  -25  315  130  260  270  150  260   10 
4 171  -50 -355 -160   40  -40  215   70  160  130   80  140  -40 
4 171  -40 -285 -170   30  -70  210   65  130  130  100  115   10 
4 100   20 -475 -240   95 -110  330   70  260  120  245  185  185 
4 171   50 -380 -265  125  -30  390  135  285  280   50  260  -30 
5 171  -45 -190 -135  100  -70  245   50  200  130  150  140   50 
5 171   50 -365  -40   70    0  245  120  180  165  135  160   15 
5 171   80 -350 -100   70  -50  250   90  230  215  150  230  -20 
5 171  -30 -300 -105   60  -60  180   30  150   90   95   90   20 
5 100   40 -360 -140   -5  -65  280  145  260  270  170  270   10 
5 100   30 -330 -100  230   25  315  140  245  250  120  230  -10 
5 100   30 -405 -185   25 -120  230   90  230  210  150  240    0 
5 171   40 -200 -150  -30 -120  180   60  170  185   85  175  -75 
5 171  -30 -340 -250   50  -95  230   60  180  125  130  140   10 
5 171  -10 -390 -100  155   10  280  100  220  180  150  180   10 
